ID	Chromosome	Start_position	End_Position	A1_CN	A2_CN
LiverTum_3	1	911428	171227474	2	1
LiverTum_3	1	171231230	171239527	2	2
LiverTum_3	1	171243507	234778110	2	1
LiverTum_3	1	234778129	234779417	3	0
LiverTum_3	1	234820595	248877988	2	1
LiverTum_3	2	30906	43119988	2	1
LiverTum_3	2	43124130	43129883	2	2
LiverTum_3	2	43131922	47019980	2	1
LiverTum_3	2	47020124	47039645	2	2
LiverTum_3	2	47041894	151009195	2	1
LiverTum_3	2	151011653	151019687	1	1
LiverTum_3	2	151020244	242038992	2	1
LiverTum_3	3	20631	36257799	2	1
LiverTum_3	3	36262945	36269739	1	1
LiverTum_3	3	36270742	198115487	2	1
LiverTum_3	4	192200	77419159	2	1
LiverTum_3	4	77421171	77429575	2	2
LiverTum_3	4	77431218	103279072	2	1
LiverTum_3	4	103282565	103299237	2	2
LiverTum_3	4	103301207	150283282	2	1
LiverTum_3	4	150296490	150438170	2	0
LiverTum_3	4	150442926	189877318	2	1
LiverTum_3	5	90084	53159825	2	1
LiverTum_3	5	53160562	53169831	1	1
LiverTum_3	5	53170721	181163507	2	1
LiverTum_3	6	162703	21337552	2	1
LiverTum_3	6	21478960	23093131	2	0
LiverTum_3	6	23151299	29233873	2	1
LiverTum_3	6	29261369	32216797	2	0
LiverTum_3	6	32218370	32220606	1	1
LiverTum_3	6	32222843	32335915	2	1
LiverTum_3	6	32338642	32372063	2	0
LiverTum_3	6	32373095	46347313	2	1
LiverTum_3	6	46361667	47689290	2	0
LiverTum_3	6	47690891	55189954	2	1
LiverTum_3	6	55190100	57430393	2	0
LiverTum_3	6	63602467	81739153	2	1
LiverTum_3	6	81743814	91291285	2	0
LiverTum_3	6	91292935	125189776	2	1
LiverTum_3	6	125192414	125456842	2	0
LiverTum_3	6	125460877	125698592	2	1
LiverTum_3	6	125710536	125737430	2	0
LiverTum_3	6	125748556	125796095	2	1
LiverTum_3	6	125822535	170603415	2	0
LiverTum_3	7	50257	79028996	2	1
LiverTum_3	7	79030009	79039092	1	1
LiverTum_3	7	79057509	152384765	2	1
LiverTum_3	7	152402142	152410058	2	0
LiverTum_3	7	152437207	159326530	2	1
LiverTum_3	8	330241	16086798	4	1
LiverTum_3	8	16092262	16098153	3	1
LiverTum_3	8	16100106	17826284	4	1
LiverTum_3	8	17830017	17859737	4	2
LiverTum_3	8	17861734	29608586	4	1
LiverTum_3	8	29609936	29618268	4	2
LiverTum_3	8	29628411	132109638	4	1
LiverTum_3	8	132110047	132119974	4	2
LiverTum_3	8	132120207	132909899	4	1
LiverTum_3	8	132910382	132919859	4	2
LiverTum_3	8	132920573	145068028	4	1
LiverTum_3	9	212557	129414460	2	0
LiverTum_3	9	129428184	129438116	1	1
LiverTum_3	9	129503049	138123517	2	0
LiverTum_3	10	87333	13989709	2	1
LiverTum_3	10	13990199	13999218	2	2
LiverTum_3	10	14000814	97929802	2	1
LiverTum_3	10	97930089	97939669	2	2
LiverTum_3	10	97944048	133533455	2	1
LiverTum_3	10	133611686	133619587	2	2
LiverTum_3	11	202856	24729862	2	1
LiverTum_3	11	24730349	24737497	1	1
LiverTum_3	11	24740285	129709117	2	1
LiverTum_3	11	129720800	129729825	2	2
LiverTum_3	11	129730161	135068576	2	1
LiverTum_3	12	52216	94089779	2	1
LiverTum_3	12	94090160	94108808	2	2
LiverTum_3	12	94113040	133202210	2	1
LiverTum_3	13	19918880	63059803	2	1
LiverTum_3	13	63060217	63068874	2	0
LiverTum_3	13	63070231	114339973	2	1
LiverTum_3	14	19791777	72432980	2	1
LiverTum_3	14	72441394	72460489	2	0
LiverTum_3	14	72463009	72699644	2	1
LiverTum_3	14	72700136	106878059	2	0
LiverTum_3	15	22228433	101607602	2	1
LiverTum_3	16	45254	90074947	2	1
LiverTum_3	17	184485	15443060	2	0
LiverTum_3	17	15665794	33409832	2	1
LiverTum_3	17	33410016	33429965	2	2
LiverTum_3	17	33430767	65768772	2	1
LiverTum_3	17	65770189	65779193	2	2
LiverTum_3	17	65780578	72828811	2	1
LiverTum_3	17	72832547	72838813	2	2
LiverTum_3	17	72842291	73559535	2	1
LiverTum_3	17	73565238	73639806	2	2
LiverTum_3	17	73640443	77609992	2	1
LiverTum_3	17	77610610	77619738	2	2
LiverTum_3	17	77621766	83090856	2	1
LiverTum_3	18	132649	14112432	2	0
LiverTum_3	18	22500997	35052826	2	1
LiverTum_3	18	35060841	35078640	2	2
LiverTum_3	18	35080228	35379433	2	1
LiverTum_3	18	35380758	35424891	2	2
LiverTum_3	18	35435028	35779687	2	1
LiverTum_3	18	35780072	35789859	2	2
LiverTum_3	18	35801202	38018974	2	1
LiverTum_3	18	38022422	38039419	2	2
LiverTum_3	18	38040448	41379978	2	1
LiverTum_3	18	41381156	41389905	2	2
LiverTum_3	18	41390487	62417807	2	1
LiverTum_3	18	62421318	62449573	2	2
LiverTum_3	18	62450035	63489373	2	1
LiverTum_3	18	63490604	63569154	2	2
LiverTum_3	18	63571486	67237034	2	1
LiverTum_3	18	67240982	67248941	2	2
LiverTum_3	18	67251091	77199866	2	1
LiverTum_3	18	77200024	77397707	2	2
LiverTum_3	18	77424457	80249901	2	1
LiverTum_3	19	260912	58578425	2	1
LiverTum_3	20	83158	19739924	2	1
LiverTum_3	20	19740895	19749993	1	1
LiverTum_3	20	19775029	57938403	2	1
LiverTum_3	20	57940698	57949899	2	2
LiverTum_3	20	57950228	64279990	2	1
LiverTum_3	21	14034348	39989683	2	1
LiverTum_3	21	39991932	39998891	1	1
LiverTum_3	21	40001387	46669379	2	1
LiverTum_3	22	19001039	50724710	2	1
LiverTum_3	X	2782116	155699751	2	1
