ID	Chromosome	Start_position	End_Position	A1_CN	A2_CN
LungPlTum_1	1	911428	26742530	2	0
LungPlTum_1	1	26827467	34649764	2	2
LungPlTum_1	1	34650653	34658353	2	1
LungPlTum_1	1	34660016	35153957	2	0
LungPlTum_1	1	36176128	40767555	3	2
LungPlTum_1	1	40771716	40939992	3	3
LungPlTum_1	1	40940788	41356107	3	2
LungPlTum_1	1	41365375	41779410	3	3
LungPlTum_1	1	41780632	154739882	3	2
LungPlTum_1	1	154756918	155227671	3	3
LungPlTum_1	1	155579771	176579764	3	2
LungPlTum_1	1	176581780	176604362	2	2
LungPlTum_1	1	176612862	189537149	3	2
LungPlTum_1	1	189542237	189588287	2	2
LungPlTum_1	1	189767703	201078646	3	2
LungPlTum_1	1	201083071	207218978	2	2
LungPlTum_1	1	207220238	225708104	3	2
LungPlTum_1	1	225713304	226939917	2	2
LungPlTum_1	1	226942658	248877988	3	2
LungPlTum_1	2	30906	1527551	3	2
LungPlTum_1	2	1541338	3777877	2	2
LungPlTum_1	2	3780040	41710000	3	2
LungPlTum_1	2	41710977	43079241	2	2
LungPlTum_1	2	43086698	52726096	3	2
LungPlTum_1	2	52731315	52739903	2	2
LungPlTum_1	2	52740300	60289360	3	2
LungPlTum_1	2	60290164	60366499	3	3
LungPlTum_1	2	60370125	120734069	3	2
LungPlTum_1	2	120749226	121219066	4	2
LungPlTum_1	2	121223634	138238861	3	2
LungPlTum_1	2	138241391	138269290	3	1
LungPlTum_1	2	138270562	217599331	3	2
LungPlTum_1	2	217601498	219807447	2	2
LungPlTum_1	2	219821302	230987679	3	2
LungPlTum_1	2	230991328	234019849	2	2
LungPlTum_1	2	234020462	237396568	3	2
LungPlTum_1	2	237420726	242038992	2	2
LungPlTum_1	3	20631	9189243	3	2
LungPlTum_1	3	9190425	16739933	2	2
LungPlTum_1	3	16760240	21029450	3	2
LungPlTum_1	3	21030551	21076869	2	2
LungPlTum_1	3	21083204	53119415	3	2
LungPlTum_1	3	53121056	53244225	4	2
LungPlTum_1	3	53255511	69339241	3	2
LungPlTum_1	3	69352087	69359831	2	2
LungPlTum_1	3	69360454	75719262	3	2
LungPlTum_1	3	75720442	75745416	4	0
LungPlTum_1	3	75870640	77288798	3	2
LungPlTum_1	3	77355102	77355183	5	0
LungPlTum_1	3	77459684	99400875	3	2
LungPlTum_1	3	99403832	99429863	3	1
LungPlTum_1	3	99432548	127195281	3	2
LungPlTum_1	3	127352082	127452951	3	3
LungPlTum_1	3	127465501	164399277	3	2
LungPlTum_1	3	164400074	164418169	2	2
LungPlTum_1	3	164422522	198115487	3	2
LungPlTum_1	4	192200	10188450	2	2
LungPlTum_1	4	10190484	35509159	3	2
LungPlTum_1	4	35510438	35520324	2	2
LungPlTum_1	4	35521350	76109818	3	2
LungPlTum_1	4	76110217	77419159	2	2
LungPlTum_1	4	77421171	150296490	3	2
LungPlTum_1	4	150300834	150438170	2	0
LungPlTum_1	4	150442926	152960905	3	2
LungPlTum_1	4	152992396	153128079	4	2
LungPlTum_1	4	153132106	189877318	3	2
LungPlTum_1	5	90084	2409874	2	2
LungPlTum_1	5	2410134	132808458	3	2
LungPlTum_1	5	132811967	135427915	2	2
LungPlTum_1	5	135443772	149119236	3	2
LungPlTum_1	5	149120116	151378567	2	2
LungPlTum_1	5	151380721	156855121	3	2
LungPlTum_1	5	157059109	157076774	4	2
LungPlTum_1	5	157082465	170049719	3	2
LungPlTum_1	5	170050811	181163507	2	2
LungPlTum_1	6	162703	379528	3	2
LungPlTum_1	6	379834	382246	5	0
LungPlTum_1	6	382537	4508726	3	2
LungPlTum_1	6	4510875	4539952	2	2
LungPlTum_1	6	4540199	20569911	3	2
LungPlTum_1	6	20570904	20599657	2	2
LungPlTum_1	6	20600935	21337552	3	2
LungPlTum_1	6	21478960	23093131	2	0
LungPlTum_1	6	23151299	29233873	3	2
LungPlTum_1	6	29261369	32219860	2	0
LungPlTum_1	6	32220606	32338642	3	2
LungPlTum_1	6	32340688	32369909	2	0
LungPlTum_1	6	32370506	32379713	3	1
LungPlTum_1	6	32380368	32472051	3	2
LungPlTum_1	6	32472395	32485414	5	0
LungPlTum_1	6	32533367	36680587	3	2
LungPlTum_1	6	36694394	36748056	4	2
LungPlTum_1	6	36751302	46347313	3	2
LungPlTum_1	6	46361667	46478620	2	0
LungPlTum_1	6	46482593	46498928	2	1
LungPlTum_1	6	46500137	47689290	2	0
LungPlTum_1	6	47690891	55189954	3	2
LungPlTum_1	6	55190100	57430393	2	0
LungPlTum_1	6	63602467	81739153	3	2
LungPlTum_1	6	81743814	91273115	2	0
LungPlTum_1	6	91283057	111576649	3	2
LungPlTum_1	6	111580567	111649564	3	3
LungPlTum_1	6	111650510	125194485	3	2
LungPlTum_1	6	125197992	125456842	2	0
LungPlTum_1	6	125460877	125698592	2	2
LungPlTum_1	6	125710536	125737430	2	0
LungPlTum_1	6	125748556	125827981	2	2
LungPlTum_1	6	125831338	170603415	2	0
LungPlTum_1	7	50257	6628396	2	2
LungPlTum_1	7	6631865	67379680	3	2
LungPlTum_1	7	67380252	67439666	3	3
LungPlTum_1	7	67441275	78979258	3	2
LungPlTum_1	7	78980614	79039092	2	2
LungPlTum_1	7	79057509	98040842	3	2
LungPlTum_1	7	98209828	102266376	2	2
LungPlTum_1	7	102270864	130296035	3	2
LungPlTum_1	7	130333707	130394854	3	3
LungPlTum_1	7	130473229	148739014	3	2
LungPlTum_1	7	148741053	152384765	2	2
LungPlTum_1	7	152402142	152410058	3	0
LungPlTum_1	7	152437207	156819885	3	2
LungPlTum_1	7	156822381	159326530	2	2
LungPlTum_1	8	330241	17826284	4	2
LungPlTum_1	8	17830017	17839942	5	2
LungPlTum_1	8	17840619	132909899	4	2
LungPlTum_1	8	132910382	132919859	5	2
LungPlTum_1	8	132920573	145068028	4	2
LungPlTum_1	9	212557	11419828	2	0
LungPlTum_1	9	11421758	11448773	0	0
LungPlTum_1	9	11450611	11459410	2	0
LungPlTum_1	9	11460456	12539495	0	0
LungPlTum_1	9	12668557	21659915	2	0
LungPlTum_1	9	21660144	21669887	1	0
LungPlTum_1	9	21670462	21948667	0	0
LungPlTum_1	9	22201037	133119573	2	0
LungPlTum_1	9	133123236	134480000	3	0
LungPlTum_1	9	134514683	136466695	2	0
LungPlTum_1	9	136470133	137056145	3	0
LungPlTum_1	9	137060775	137297529	6	0
LungPlTum_1	9	137352913	138123517	3	0
LungPlTum_1	10	87333	13989709	3	2
LungPlTum_1	10	13990199	14068537	3	3
LungPlTum_1	10	14072184	48559298	3	2
LungPlTum_1	10	48561361	48579771	3	1
LungPlTum_1	10	48580230	48589988	4	2
LungPlTum_1	10	48590173	66379631	3	2
LungPlTum_1	10	66390134	66409959	3	1
LungPlTum_1	10	66410149	69294557	3	2
LungPlTum_1	10	69329923	72077662	2	2
LungPlTum_1	10	72086126	78919114	3	2
LungPlTum_1	10	78925036	80408398	2	2
LungPlTum_1	10	80411100	101017062	3	2
LungPlTum_1	10	101023388	101159635	4	2
LungPlTum_1	10	101164606	124498202	3	2
LungPlTum_1	10	124500011	124569392	3	3
LungPlTum_1	10	124570142	131844944	3	2
LungPlTum_1	10	131926921	133619587	2	2
LungPlTum_1	11	202856	4557543	2	2
LungPlTum_1	11	4643253	18919563	3	2
LungPlTum_1	11	18920301	18942276	5	0
LungPlTum_1	11	18945045	21599402	3	2
LungPlTum_1	11	21603042	21639765	3	1
LungPlTum_1	11	21640067	24728150	3	2
LungPlTum_1	11	24729296	24737497	3	1
LungPlTum_1	11	24740285	61068645	3	2
LungPlTum_1	11	61090559	77549697	2	2
LungPlTum_1	11	77550006	81205657	3	2
LungPlTum_1	11	81217410	81229786	2	2
LungPlTum_1	11	81230577	115609275	3	2
LungPlTum_1	11	115610079	121097753	2	2
LungPlTum_1	11	121104681	123559282	3	2
LungPlTum_1	11	123571858	123704640	3	3
LungPlTum_1	11	123714901	134478027	3	2
LungPlTum_1	11	134478862	134849832	5	0
LungPlTum_1	11	134850279	135068576	3	2
LungPlTum_1	12	52216	1669126	3	2
LungPlTum_1	12	1670379	3448154	2	2
LungPlTum_1	12	3452644	6745677	3	2
LungPlTum_1	12	6750631	7232957	4	2
LungPlTum_1	12	7242718	31023401	3	2
LungPlTum_1	12	31030211	31238979	5	1
LungPlTum_1	12	31241094	31254096	5	0
LungPlTum_1	12	31299816	51648416	3	2
LungPlTum_1	12	51839368	52209966	3	3
LungPlTum_1	12	52211379	69889023	3	2
LungPlTum_1	12	69890348	69899295	2	2
LungPlTum_1	12	69901366	83749585	3	2
LungPlTum_1	12	83750913	83779485	2	2
LungPlTum_1	12	83975124	109517512	3	2
LungPlTum_1	12	109523157	109765370	4	2
LungPlTum_1	12	109777366	119306666	3	2
LungPlTum_1	12	119320149	126059649	2	2
LungPlTum_1	12	126060016	129970491	3	2
LungPlTum_1	12	129975484	133202210	2	2
LungPlTum_1	13	19918880	63059803	3	2
LungPlTum_1	13	63060217	63066781	4	0
LungPlTum_1	13	63068683	70101396	3	2
LungPlTum_1	13	70110817	71969963	2	2
LungPlTum_1	13	71971202	76759323	3	2
LungPlTum_1	13	76760095	89779583	2	2
LungPlTum_1	13	89780328	93277715	3	2
LungPlTum_1	13	93282411	93339832	3	1
LungPlTum_1	13	93343152	101779754	3	2
LungPlTum_1	13	101781643	108129378	2	2
LungPlTum_1	13	108130230	114339973	3	2
LungPlTum_1	14	19791777	19956147	5	0
LungPlTum_1	14	19956892	72432980	3	2
LungPlTum_1	14	72441394	72458839	3	0
LungPlTum_1	14	72460489	72699644	2	2
LungPlTum_1	14	72700136	106878059	2	0
LungPlTum_1	15	22228433	53964529	3	2
LungPlTum_1	15	53967082	54148825	2	2
LungPlTum_1	15	54151226	68387919	3	2
LungPlTum_1	15	68391236	78557572	2	2
LungPlTum_1	15	78566058	88108608	3	2
LungPlTum_1	15	88110204	88119775	3	3
LungPlTum_1	15	88120713	89609918	2	2
LungPlTum_1	15	89611464	101607602	3	2
LungPlTum_1	16	45254	5538082	2	2
LungPlTum_1	16	5540072	9948544	3	2
LungPlTum_1	16	9957724	12618447	2	2
LungPlTum_1	16	12621623	22615471	3	2
LungPlTum_1	16	22626894	22697934	5	0
LungPlTum_1	16	22703259	26660794	3	2
LungPlTum_1	16	26723207	48589316	2	2
LungPlTum_1	16	48598567	83758933	3	2
LungPlTum_1	16	83760390	90074947	2	2
LungPlTum_1	17	184485	1029671	2	0
LungPlTum_1	17	1033611	1133944	3	0
LungPlTum_1	17	1150950	15443060	2	0
LungPlTum_1	17	15665794	34529314	4	2
LungPlTum_1	17	34532072	34559899	3	2
LungPlTum_1	17	34560164	45394955	4	2
LungPlTum_1	17	45573549	45583824	3	3
LungPlTum_1	17	45732802	83090856	4	2
LungPlTum_1	18	132649	14112432	2	0
LungPlTum_1	18	22500997	80249901	4	2
LungPlTum_1	19	260912	19809438	2	2
LungPlTum_1	19	19826104	32808273	3	2
LungPlTum_1	19	32811917	51383461	2	2
LungPlTum_1	19	51399073	52979376	3	2
LungPlTum_1	19	53025366	53051455	6	0
LungPlTum_1	19	53054496	55443096	3	2
LungPlTum_1	19	55454613	55693625	4	2
LungPlTum_1	19	55700429	58301164	3	2
LungPlTum_1	19	58336750	58578425	3	3
LungPlTum_1	20	83158	1327244	2	2
LungPlTum_1	20	1330044	45756750	3	2
LungPlTum_1	20	45772765	49589200	2	2
LungPlTum_1	20	49590049	57024323	3	2
LungPlTum_1	20	57034199	59479988	2	2
LungPlTum_1	20	59480941	61524476	3	2
LungPlTum_1	20	61599388	64279990	2	2
LungPlTum_1	21	14034348	39736734	3	2
LungPlTum_1	21	39750361	39759510	3	1
LungPlTum_1	21	39761349	40863592	3	2
LungPlTum_1	21	40870582	46669379	2	2
LungPlTum_1	22	19001039	50724710	2	0
LungPlTum_1	X	2782116	8590058	3	2
LungPlTum_1	X	8592650	9381677	3	1
LungPlTum_1	X	9441938	49033821	3	2
LungPlTum_1	X	49182527	142647951	2	0
LungPlTum_1	X	142650685	142669597	1	0
LungPlTum_1	X	142670716	155699751	2	0
