ID	Chromosome	Start_position	End_Position	A1_CN	A2_CN
RPLNTum_2	1	911428	16637116	2	1
RPLNTum_2	1	16639133	16941834	2	0
RPLNTum_2	1	16954508	18903769	2	1
RPLNTum_2	1	18922622	18979222	2	2
RPLNTum_2	1	18982729	23705063	2	1
RPLNTum_2	1	23712683	23974359	2	2
RPLNTum_2	1	24002978	28605113	2	1
RPLNTum_2	1	28611375	28676848	2	2
RPLNTum_2	1	28738527	29145923	2	1
RPLNTum_2	1	29164576	29392143	2	2
RPLNTum_2	1	29459062	35153957	2	1
RPLNTum_2	1	36176128	234777187	2	2
RPLNTum_2	1	234777705	234779417	3	1
RPLNTum_2	1	234820595	248877988	2	2
RPLNTum_2	2	30906	234019849	2	2
RPLNTum_2	2	234020462	234029620	3	2
RPLNTum_2	2	234030837	242038992	2	2
RPLNTum_2	3	20631	75719262	2	2
RPLNTum_2	3	75720442	75745416	2	1
RPLNTum_2	3	75870640	77288798	2	2
RPLNTum_2	3	77355102	77355183	4	0
RPLNTum_2	3	77459684	195583808	2	2
RPLNTum_2	3	195691317	195752877	3	1
RPLNTum_2	3	195762196	198115487	2	2
RPLNTum_2	4	192200	150283282	2	1
RPLNTum_2	4	150296490	150438170	1	0
RPLNTum_2	4	150442926	189877318	2	1
RPLNTum_2	5	90084	5189090	2	2
RPLNTum_2	5	5190881	5199237	3	2
RPLNTum_2	5	5200168	154493401	2	2
RPLNTum_2	5	154609946	154631548	3	2
RPLNTum_2	5	154802676	181163507	2	2
RPLNTum_2	6	162703	379528	2	2
RPLNTum_2	6	379834	391623	3	1
RPLNTum_2	6	396321	1269811	2	2
RPLNTum_2	6	1270438	1277480	3	2
RPLNTum_2	6	1281579	6948457	2	2
RPLNTum_2	6	6950574	6958873	3	2
RPLNTum_2	6	6961088	8449382	2	2
RPLNTum_2	6	8450202	8459571	3	2
RPLNTum_2	6	8460830	8559497	2	2
RPLNTum_2	6	8561195	8566367	3	2
RPLNTum_2	6	8572052	11327483	2	2
RPLNTum_2	6	11356616	11509090	3	2
RPLNTum_2	6	11510438	21337552	2	2
RPLNTum_2	6	21478960	23093131	2	0
RPLNTum_2	6	23151299	29233873	2	2
RPLNTum_2	6	29261369	32209005	2	0
RPLNTum_2	6	32211661	32219860	2	1
RPLNTum_2	6	32220606	32338642	2	2
RPLNTum_2	6	32340688	32369909	2	0
RPLNTum_2	6	32370506	32472051	2	2
RPLNTum_2	6	32472395	32485414	3	1
RPLNTum_2	6	32533367	46347313	2	2
RPLNTum_2	6	46361667	46478620	2	0
RPLNTum_2	6	46482593	46498928	2	1
RPLNTum_2	6	46500137	47689290	2	0
RPLNTum_2	6	47690891	55189954	2	2
RPLNTum_2	6	55190100	57430393	2	0
RPLNTum_2	6	63602467	65549615	2	2
RPLNTum_2	6	65550129	66907453	3	2
RPLNTum_2	6	66911447	66948967	2	2
RPLNTum_2	6	66954673	67547307	3	2
RPLNTum_2	6	67560063	81739153	2	2
RPLNTum_2	6	81743814	81747430	3	0
RPLNTum_2	6	81751226	91273115	2	0
RPLNTum_2	6	91283057	92859423	2	2
RPLNTum_2	6	92860504	92869927	3	2
RPLNTum_2	6	92872332	92919739	2	2
RPLNTum_2	6	92920132	94218505	3	2
RPLNTum_2	6	94228015	125192792	2	2
RPLNTum_2	6	125194485	125456842	2	0
RPLNTum_2	6	125460877	125698592	2	2
RPLNTum_2	6	125710536	125737430	2	0
RPLNTum_2	6	125748556	125822535	2	2
RPLNTum_2	6	125827922	165298340	2	0
RPLNTum_2	6	165310070	165319146	1	0
RPLNTum_2	6	165321163	170603415	2	0
RPLNTum_2	7	50257	8899875	2	2
RPLNTum_2	7	8900862	8909174	2	1
RPLNTum_2	7	8910400	152384765	2	2
RPLNTum_2	7	152402142	152410058	3	0
RPLNTum_2	7	152437207	159326530	2	2
RPLNTum_2	8	330241	16086798	4	2
RPLNTum_2	8	16092262	16098153	3	2
RPLNTum_2	8	16100106	24539071	4	2
RPLNTum_2	8	24540614	24651474	5	2
RPLNTum_2	8	24666959	139328662	4	2
RPLNTum_2	8	139330581	139339256	5	2
RPLNTum_2	8	139470291	145068028	4	2
RPLNTum_2	9	212557	967981	2	0
RPLNTum_2	9	971066	979610	1	0
RPLNTum_2	9	991114	11419828	2	0
RPLNTum_2	9	11421758	11448773	0	0
RPLNTum_2	9	11450611	11459410	2	0
RPLNTum_2	9	11460456	11469190	1	0
RPLNTum_2	9	11474608	12539495	0	0
RPLNTum_2	9	12668557	21659915	2	0
RPLNTum_2	9	21660144	21669887	1	0
RPLNTum_2	9	21670462	21948667	0	0
RPLNTum_2	9	22201037	138123517	2	0
RPLNTum_2	10	87333	13989709	2	2
RPLNTum_2	10	13990199	13999218	3	2
RPLNTum_2	10	14000814	29008756	2	2
RPLNTum_2	10	29010668	29019551	2	1
RPLNTum_2	10	29020723	133619587	2	2
RPLNTum_2	11	202856	18919563	2	2
RPLNTum_2	11	18920301	18942276	3	1
RPLNTum_2	11	18945045	21627023	2	2
RPLNTum_2	11	21631181	21639765	2	1
RPLNTum_2	11	21640067	129709117	2	2
RPLNTum_2	11	129720800	129729825	3	2
RPLNTum_2	11	129730161	134474835	2	2
RPLNTum_2	11	134478027	134851142	3	1
RPLNTum_2	11	134856831	135068576	2	2
RPLNTum_2	12	52216	31037997	2	2
RPLNTum_2	12	31203959	31254096	3	1
RPLNTum_2	12	31299816	94089779	2	2
RPLNTum_2	12	94090160	94108808	3	2
RPLNTum_2	12	94113040	133202210	2	2
RPLNTum_2	13	19918880	33039442	2	1
RPLNTum_2	13	33041811	33744049	2	2
RPLNTum_2	13	33936506	34607802	2	1
RPLNTum_2	13	34748787	35618011	2	2
RPLNTum_2	13	35620212	43898326	2	1
RPLNTum_2	13	43900381	44919533	2	2
RPLNTum_2	13	44988259	48320289	2	1
RPLNTum_2	13	48411303	48649723	2	2
RPLNTum_2	13	48652116	50028793	2	1
RPLNTum_2	13	50036134	50609903	2	2
RPLNTum_2	13	50610792	53486757	2	1
RPLNTum_2	13	53877515	57685358	2	2
RPLNTum_2	13	57706751	66270351	2	1
RPLNTum_2	13	66280657	67366186	2	2
RPLNTum_2	13	67370811	68789247	2	1
RPLNTum_2	13	68795913	69168131	2	2
RPLNTum_2	13	69171771	70128894	2	1
RPLNTum_2	13	70130546	70699512	2	2
RPLNTum_2	13	70700797	72292856	2	1
RPLNTum_2	13	72305121	72608682	2	2
RPLNTum_2	13	72634238	81106827	2	1
RPLNTum_2	13	81155475	81510156	2	2
RPLNTum_2	13	81511725	81589066	2	1
RPLNTum_2	13	81592726	82639709	2	2
RPLNTum_2	13	82641677	83570049	2	1
RPLNTum_2	13	83678508	85678816	2	2
RPLNTum_2	13	85680684	85698523	2	1
RPLNTum_2	13	85700706	87540242	2	2
RPLNTum_2	13	87909811	88588908	2	1
RPLNTum_2	13	88591667	89537261	2	2
RPLNTum_2	13	89542020	89579807	2	1
RPLNTum_2	13	89587727	89759222	2	2
RPLNTum_2	13	89760468	89788845	2	1
RPLNTum_2	13	89794229	90828408	2	2
RPLNTum_2	13	90830622	92269324	2	1
RPLNTum_2	13	92270484	92408527	2	2
RPLNTum_2	13	92413482	92499607	2	1
RPLNTum_2	13	92500074	93277715	2	2
RPLNTum_2	13	93282411	102939666	2	1
RPLNTum_2	13	102940257	103076378	2	2
RPLNTum_2	13	103082319	103343702	2	1
RPLNTum_2	13	103380047	103459276	2	2
RPLNTum_2	13	103461265	103777786	2	1
RPLNTum_2	13	103782057	104073083	2	2
RPLNTum_2	13	104075048	112649881	2	1
RPLNTum_2	13	112652568	114239662	2	2
RPLNTum_2	13	114241614	114339973	2	1
RPLNTum_2	14	19791777	19956147	3	1
RPLNTum_2	14	19956892	24883737	2	2
RPLNTum_2	14	24890676	24898285	2	1
RPLNTum_2	14	24900949	72432980	2	2
RPLNTum_2	14	72441394	72458839	2	0
RPLNTum_2	14	72460489	72699644	2	2
RPLNTum_2	14	72700136	106878059	2	0
RPLNTum_2	15	22228433	101607602	2	2
RPLNTum_2	16	45254	22637114	2	2
RPLNTum_2	16	22659265	22697934	4	0
RPLNTum_2	16	22703259	90074947	2	2
RPLNTum_2	17	184485	15443060	2	0
RPLNTum_2	17	15665794	21599735	2	1
RPLNTum_2	17	28417661	36109315	2	2
RPLNTum_2	17	36110611	36143854	3	1
RPLNTum_2	17	36492592	41212055	2	2
RPLNTum_2	17	41223471	42314074	3	2
RPLNTum_2	17	42342884	48996587	2	2
RPLNTum_2	17	49003069	50923076	3	2
RPLNTum_2	17	50949851	83090856	2	2
RPLNTum_2	18	132649	14112432	2	0
RPLNTum_2	18	22500997	80249901	2	1
RPLNTum_2	19	260912	52979376	2	2
RPLNTum_2	19	53025366	53045697	3	1
RPLNTum_2	19	53051066	58578425	2	2
RPLNTum_2	20	83158	11627323	2	1
RPLNTum_2	20	11640759	11716864	2	0
RPLNTum_2	20	11719254	15619559	2	1
RPLNTum_2	20	15621688	15638693	2	0
RPLNTum_2	20	15641928	24649724	2	1
RPLNTum_2	20	31402449	64279990	2	2
RPLNTum_2	21	14034348	46669379	2	2
RPLNTum_2	22	19001039	37229604	2	0
RPLNTum_2	22	37230062	37240311	2	1
RPLNTum_2	22	37241801	38971534	2	0
RPLNTum_2	22	39117525	39158744	3	0
RPLNTum_2	22	39161157	49209636	2	0
RPLNTum_2	22	49211155	49219836	3	0
RPLNTum_2	22	49220434	50724710	2	0
RPLNTum_2	X	2782116	49033821	2	2
RPLNTum_2	X	49182527	56573249	2	1
RPLNTum_2	X	64821507	69207329	2	2
RPLNTum_2	X	69214877	155699751	2	1
