ID	Chromosome	Start_position	End_Position	A1_CN	A2_CN
B_TRCC_18_Tumor	1	911428	16477846	2	2
B_TRCC_18_Tumor	1	16496131	16941834	3	1
B_TRCC_18_Tumor	1	16954508	62149382	2	2
B_TRCC_18_Tumor	1	62150012	62231539	2	1
B_TRCC_18_Tumor	1	62233397	81298927	2	2
B_TRCC_18_Tumor	1	81300352	81309843	3	2
B_TRCC_18_Tumor	1	81310163	91889335	2	2
B_TRCC_18_Tumor	1	91892478	92015168	2	1
B_TRCC_18_Tumor	1	92028753	234777187	2	2
B_TRCC_18_Tumor	1	234777705	234779417	3	1
B_TRCC_18_Tumor	1	234820595	248877988	2	2
B_TRCC_18_Tumor	2	30906	189972	2	2
B_TRCC_18_Tumor	2	190032	1908987	3	2
B_TRCC_18_Tumor	2	1911525	3148823	2	2
B_TRCC_18_Tumor	2	3220315	3220315	4	0
B_TRCC_18_Tumor	2	3383355	19743053	2	2
B_TRCC_18_Tumor	2	19745771	20682466	3	2
B_TRCC_18_Tumor	2	20692012	23115321	2	2
B_TRCC_18_Tumor	2	23121716	23791430	3	2
B_TRCC_18_Tumor	2	23816909	37648136	2	2
B_TRCC_18_Tumor	2	37650521	38289286	3	2
B_TRCC_18_Tumor	2	38290346	41548377	2	2
B_TRCC_18_Tumor	2	41560841	43129883	3	2
B_TRCC_18_Tumor	2	43131922	45649516	2	2
B_TRCC_18_Tumor	2	45669298	47096942	3	2
B_TRCC_18_Tumor	2	47111823	51149296	2	2
B_TRCC_18_Tumor	2	51151960	51159600	3	2
B_TRCC_18_Tumor	2	51161490	60259999	2	2
B_TRCC_18_Tumor	2	60261964	60558802	3	2
B_TRCC_18_Tumor	2	60571986	68350315	2	2
B_TRCC_18_Tumor	2	68423865	69314261	3	2
B_TRCC_18_Tumor	2	69320104	73606612	2	2
B_TRCC_18_Tumor	2	73610624	73689545	3	2
B_TRCC_18_Tumor	2	73691185	101665914	2	2
B_TRCC_18_Tumor	2	102022747	102069301	3	2
B_TRCC_18_Tumor	2	102071087	109209060	2	2
B_TRCC_18_Tumor	2	109210564	109340403	3	2
B_TRCC_18_Tumor	2	109663104	112948096	2	2
B_TRCC_18_Tumor	2	112952299	113358959	3	2
B_TRCC_18_Tumor	2	113671996	132438879	2	2
B_TRCC_18_Tumor	2	132447715	132447715	4	0
B_TRCC_18_Tumor	2	132574131	159844687	2	2
B_TRCC_18_Tumor	2	159902657	160495268	3	2
B_TRCC_18_Tumor	2	160500460	178389603	2	2
B_TRCC_18_Tumor	2	178431784	178432094	3	1
B_TRCC_18_Tumor	2	178437157	216855745	2	2
B_TRCC_18_Tumor	2	216858668	218037422	3	2
B_TRCC_18_Tumor	2	218042265	230078735	2	2
B_TRCC_18_Tumor	2	230164977	230429740	3	2
B_TRCC_18_Tumor	2	230430469	233658955	2	2
B_TRCC_18_Tumor	2	233660491	233679939	3	2
B_TRCC_18_Tumor	2	233680858	234015590	2	2
B_TRCC_18_Tumor	2	234019849	234029620	3	2
B_TRCC_18_Tumor	2	234030837	240095792	2	2
B_TRCC_18_Tumor	2	240100737	242038992	3	2
B_TRCC_18_Tumor	3	20631	75721604	2	2
B_TRCC_18_Tumor	3	75723526	75745416	3	1
B_TRCC_18_Tumor	3	75870640	77288798	2	2
B_TRCC_18_Tumor	3	77355102	77355183	4	1
B_TRCC_18_Tumor	3	77459684	134318554	2	2
B_TRCC_18_Tumor	3	134340428	134368302	3	2
B_TRCC_18_Tumor	3	134384946	195691442	2	2
B_TRCC_18_Tumor	3	195701655	195749118	3	1
B_TRCC_18_Tumor	3	195750920	198115487	2	2
B_TRCC_18_Tumor	4	192200	56799871	2	2
B_TRCC_18_Tumor	4	56805280	56899886	2	1
B_TRCC_18_Tumor	4	56902520	150283282	2	2
B_TRCC_18_Tumor	4	150296490	150430304	2	0
B_TRCC_18_Tumor	4	150438001	150438170	1	1
B_TRCC_18_Tumor	4	150442926	189877318	2	2
B_TRCC_18_Tumor	5	90084	28919027	2	2
B_TRCC_18_Tumor	5	28920465	28928975	3	3
B_TRCC_18_Tumor	5	28930480	181163507	2	2
B_TRCC_18_Tumor	6	162703	379528	2	2
B_TRCC_18_Tumor	6	379834	382246	3	1
B_TRCC_18_Tumor	6	382537	21337552	2	2
B_TRCC_18_Tumor	6	21478960	23093131	2	0
B_TRCC_18_Tumor	6	23151299	29233873	2	2
B_TRCC_18_Tumor	6	29261369	32216797	2	0
B_TRCC_18_Tumor	6	32218370	32219860	1	1
B_TRCC_18_Tumor	6	32220606	32338642	2	2
B_TRCC_18_Tumor	6	32340688	32369909	2	0
B_TRCC_18_Tumor	6	32370506	32372063	4	0
B_TRCC_18_Tumor	6	32373095	32472051	2	2
B_TRCC_18_Tumor	6	32472395	32472690	4	0
B_TRCC_18_Tumor	6	32474380	32485414	3	1
B_TRCC_18_Tumor	6	32533367	46347313	2	2
B_TRCC_18_Tumor	6	46361667	46478620	2	0
B_TRCC_18_Tumor	6	46482593	46498928	2	1
B_TRCC_18_Tumor	6	46500137	47689290	2	0
B_TRCC_18_Tumor	6	47690891	55189954	2	2
B_TRCC_18_Tumor	6	55190100	55191379	1	1
B_TRCC_18_Tumor	6	55192155	57430393	2	0
B_TRCC_18_Tumor	6	63602467	81739153	2	2
B_TRCC_18_Tumor	6	81743814	91273115	2	0
B_TRCC_18_Tumor	6	91283057	104889534	2	2
B_TRCC_18_Tumor	6	104894094	104916546	2	1
B_TRCC_18_Tumor	6	104921635	125192792	2	2
B_TRCC_18_Tumor	6	125194485	125456842	2	0
B_TRCC_18_Tumor	6	125460877	125698592	2	2
B_TRCC_18_Tumor	6	125710536	125737430	2	0
B_TRCC_18_Tumor	6	125748556	125822535	2	2
B_TRCC_18_Tumor	6	125827922	165298340	2	0
B_TRCC_18_Tumor	6	165310070	165319146	1	0
B_TRCC_18_Tumor	6	165321163	170603415	2	0
B_TRCC_18_Tumor	7	50257	6038745	2	2
B_TRCC_18_Tumor	7	6040654	6080084	2	1
B_TRCC_18_Tumor	7	6148152	6286824	2	2
B_TRCC_18_Tumor	7	6291934	6363196	2	1
B_TRCC_18_Tumor	7	6370187	31815045	2	2
B_TRCC_18_Tumor	7	31815646	31815646	4	0
B_TRCC_18_Tumor	7	31815955	67939154	2	2
B_TRCC_18_Tumor	7	67941816	68008563	2	1
B_TRCC_18_Tumor	7	68070177	68137186	2	2
B_TRCC_18_Tumor	7	68142222	68187846	2	1
B_TRCC_18_Tumor	7	68198252	68568467	2	2
B_TRCC_18_Tumor	7	68570221	68709788	2	1
B_TRCC_18_Tumor	7	68712527	69509035	2	2
B_TRCC_18_Tumor	7	69514505	69583956	2	1
B_TRCC_18_Tumor	7	69591383	72299212	2	2
B_TRCC_18_Tumor	7	72300391	72379406	2	1
B_TRCC_18_Tumor	7	72382360	74308275	2	2
B_TRCC_18_Tumor	7	74310580	74346374	2	1
B_TRCC_18_Tumor	7	74351899	100756899	2	2
B_TRCC_18_Tumor	7	100764052	100808522	2	1
B_TRCC_18_Tumor	7	100811268	152384765	2	2
B_TRCC_18_Tumor	7	152402142	152403675	2	0
B_TRCC_18_Tumor	7	152403969	152410058	2	1
B_TRCC_18_Tumor	7	152437207	159326530	2	2
B_TRCC_18_Tumor	8	330241	1904259	5	2
B_TRCC_18_Tumor	8	1909382	8729358	5	2
B_TRCC_18_Tumor	8	8730061	8773704	5	2
B_TRCC_18_Tumor	8	8774810	8869294	5	2
B_TRCC_18_Tumor	8	8871683	8998476	5	2
B_TRCC_18_Tumor	8	9003739	9419545	5	2
B_TRCC_18_Tumor	8	9421436	9549092	5	2
B_TRCC_18_Tumor	8	9551468	9789050	5	2
B_TRCC_18_Tumor	8	9790238	10041745	5	2
B_TRCC_18_Tumor	8	10044688	12857630	5	2
B_TRCC_18_Tumor	8	12916449	13549788	5	2
B_TRCC_18_Tumor	8	13558902	16646555	5	2
B_TRCC_18_Tumor	8	16652557	17019234	5	2
B_TRCC_18_Tumor	8	17020451	17447144	5	2
B_TRCC_18_Tumor	8	17451243	18517082	5	2
B_TRCC_18_Tumor	8	18520133	19748551	5	2
B_TRCC_18_Tumor	8	19767283	19849658	5	2
B_TRCC_18_Tumor	8	19852064	25079348	5	2
B_TRCC_18_Tumor	8	25081613	25726587	5	2
B_TRCC_18_Tumor	8	25740885	26053459	5	2
B_TRCC_18_Tumor	8	26057862	26557373	5	2
B_TRCC_18_Tumor	8	26560457	27849561	5	2
B_TRCC_18_Tumor	8	27851935	27867996	5	2
B_TRCC_18_Tumor	8	27869308	29248542	5	2
B_TRCC_18_Tumor	8	29279108	29488195	5	2
B_TRCC_18_Tumor	8	29489981	29981918	5	2
B_TRCC_18_Tumor	8	30008224	31274200	5	2
B_TRCC_18_Tumor	8	31596398	33096725	5	2
B_TRCC_18_Tumor	8	33432731	33775570	5	2
B_TRCC_18_Tumor	8	33781036	39591668	5	2
B_TRCC_18_Tumor	8	39605252	40234554	5	2
B_TRCC_18_Tumor	8	40243051	40678319	5	2
B_TRCC_18_Tumor	8	40697223	41809356	5	2
B_TRCC_18_Tumor	8	41811184	52659514	5	2
B_TRCC_18_Tumor	8	52749778	52842601	5	2
B_TRCC_18_Tumor	8	52851533	53888767	5	2
B_TRCC_18_Tumor	8	53940227	54545313	5	2
B_TRCC_18_Tumor	8	54551842	55779578	5	2
B_TRCC_18_Tumor	8	55784036	56429446	5	2
B_TRCC_18_Tumor	8	56435943	67879314	5	2
B_TRCC_18_Tumor	8	67881252	68199798	5	2
B_TRCC_18_Tumor	8	68202813	69670275	5	2
B_TRCC_18_Tumor	8	69892790	70961222	5	2
B_TRCC_18_Tumor	8	71108587	75309233	5	2
B_TRCC_18_Tumor	8	75311948	75558169	5	2
B_TRCC_18_Tumor	8	75560250	75757716	5	2
B_TRCC_18_Tumor	8	75765054	75967939	5	2
B_TRCC_18_Tumor	8	75971738	80139038	5	2
B_TRCC_18_Tumor	8	80140123	80564130	5	2
B_TRCC_18_Tumor	8	80570102	82410806	5	2
B_TRCC_18_Tumor	8	82412663	82604391	5	2
B_TRCC_18_Tumor	8	82612456	97502940	5	2
B_TRCC_18_Tumor	8	97685938	97831369	5	2
B_TRCC_18_Tumor	8	97833646	99020616	5	2
B_TRCC_18_Tumor	8	99031670	99987347	5	2
B_TRCC_18_Tumor	8	100000193	100616221	5	2
B_TRCC_18_Tumor	8	100625612	100787575	5	2
B_TRCC_18_Tumor	8	100791401	102305037	5	2
B_TRCC_18_Tumor	8	102341502	102530563	5	2
B_TRCC_18_Tumor	8	102533208	103320222	5	2
B_TRCC_18_Tumor	8	103322701	104229952	5	2
B_TRCC_18_Tumor	8	104234231	108083801	5	2
B_TRCC_18_Tumor	8	108091046	108426734	5	2
B_TRCC_18_Tumor	8	108432013	113799145	5	2
B_TRCC_18_Tumor	8	113800450	113873184	5	2
B_TRCC_18_Tumor	8	113879781	116766434	5	2
B_TRCC_18_Tumor	8	116771736	116836166	5	2
B_TRCC_18_Tumor	8	116841534	119699044	5	2
B_TRCC_18_Tumor	8	119700360	120659926	5	2
B_TRCC_18_Tumor	8	120815600	121298773	5	2
B_TRCC_18_Tumor	8	121316680	122289889	5	2
B_TRCC_18_Tumor	8	122436889	129749398	5	2
B_TRCC_18_Tumor	8	129751280	129829659	5	2
B_TRCC_18_Tumor	8	129835015	145068028	5	2
B_TRCC_18_Tumor	9	212557	967981	2	0
B_TRCC_18_Tumor	9	971066	979610	1	0
B_TRCC_18_Tumor	9	991114	4848630	2	0
B_TRCC_18_Tumor	9	4850141	4859303	3	0
B_TRCC_18_Tumor	9	4860300	11419828	2	0
B_TRCC_18_Tumor	9	11421758	11448773	0	0
B_TRCC_18_Tumor	9	11450611	11459410	2	0
B_TRCC_18_Tumor	9	11460456	11469190	1	0
B_TRCC_18_Tumor	9	11474608	12539495	0	0
B_TRCC_18_Tumor	9	12668557	15808251	2	0
B_TRCC_18_Tumor	9	15810789	15815248	3	0
B_TRCC_18_Tumor	9	15830020	21659915	2	0
B_TRCC_18_Tumor	9	21660144	21669887	1	0
B_TRCC_18_Tumor	9	21670462	21948667	0	0
B_TRCC_18_Tumor	9	22201037	35705762	2	0
B_TRCC_18_Tumor	9	35884014	35884109	1	1
B_TRCC_18_Tumor	9	35892116	91629464	2	0
B_TRCC_18_Tumor	9	91630707	91633321	1	0
B_TRCC_18_Tumor	9	91645835	113936998	2	0
B_TRCC_18_Tumor	9	113940768	113998592	3	0
B_TRCC_18_Tumor	9	114000574	129414460	2	0
B_TRCC_18_Tumor	9	129428184	129438116	2	1
B_TRCC_18_Tumor	9	129503049	138123517	2	0
B_TRCC_18_Tumor	10	87333	17549627	2	2
B_TRCC_18_Tumor	10	17563012	17598747	2	1
B_TRCC_18_Tumor	10	17600045	18419869	2	2
B_TRCC_18_Tumor	10	18420651	18439030	2	1
B_TRCC_18_Tumor	10	18443145	133619587	2	2
B_TRCC_18_Tumor	11	202856	18919563	2	2
B_TRCC_18_Tumor	11	18920301	18942276	3	1
B_TRCC_18_Tumor	11	18945045	47647737	2	2
B_TRCC_18_Tumor	11	47651191	47707628	2	1
B_TRCC_18_Tumor	11	47731223	102599723	2	2
B_TRCC_18_Tumor	11	102600447	102608824	3	3
B_TRCC_18_Tumor	11	102610347	134474835	2	2
B_TRCC_18_Tumor	11	134478027	134851142	3	1
B_TRCC_18_Tumor	11	134856831	135068576	2	2
B_TRCC_18_Tumor	12	52216	52216	4	0
B_TRCC_18_Tumor	12	54595	319527	3	2
B_TRCC_18_Tumor	12	321486	2015789	2	2
B_TRCC_18_Tumor	12	2022997	2778710	3	2
B_TRCC_18_Tumor	12	2827110	4758454	2	2
B_TRCC_18_Tumor	12	4760762	6386109	3	2
B_TRCC_18_Tumor	12	6390939	25942638	2	2
B_TRCC_18_Tumor	12	25963661	26838990	3	2
B_TRCC_18_Tumor	12	26848608	31037997	2	2
B_TRCC_18_Tumor	12	31203959	31254096	3	1
B_TRCC_18_Tumor	12	31299816	51546059	2	2
B_TRCC_18_Tumor	12	51570062	51570062	4	0
B_TRCC_18_Tumor	12	51632760	53129428	3	2
B_TRCC_18_Tumor	12	53130882	53907576	2	2
B_TRCC_18_Tumor	12	53958861	54077496	3	2
B_TRCC_18_Tumor	12	54187152	104448518	2	2
B_TRCC_18_Tumor	12	104454449	104686315	3	2
B_TRCC_18_Tumor	12	104692619	108162649	2	2
B_TRCC_18_Tumor	12	108200292	108349043	3	2
B_TRCC_18_Tumor	12	108352237	133202210	2	2
B_TRCC_18_Tumor	13	19918880	20000759	2	1
B_TRCC_18_Tumor	13	20022425	59439376	2	2
B_TRCC_18_Tumor	13	59440127	59449092	3	2
B_TRCC_18_Tumor	13	59451307	63059803	2	2
B_TRCC_18_Tumor	13	63060217	63066781	3	1
B_TRCC_18_Tumor	13	63068683	114339973	2	2
B_TRCC_18_Tumor	14	19791777	19956147	3	1
B_TRCC_18_Tumor	14	19956892	61436438	2	2
B_TRCC_18_Tumor	14	61463960	61619391	3	2
B_TRCC_18_Tumor	14	61620997	72432980	2	2
B_TRCC_18_Tumor	14	72441394	72458839	2	0
B_TRCC_18_Tumor	14	72460489	72700136	2	2
B_TRCC_18_Tumor	14	72704273	95948296	2	0
B_TRCC_18_Tumor	14	95951105	96169262	3	0
B_TRCC_18_Tumor	14	96170392	106878059	2	0
B_TRCC_18_Tumor	15	22228433	24912904	2	2
B_TRCC_18_Tumor	15	24920142	24949335	2	1
B_TRCC_18_Tumor	15	24951472	55366450	2	2
B_TRCC_18_Tumor	15	55371042	55468377	2	1
B_TRCC_18_Tumor	15	55474589	91229563	2	2
B_TRCC_18_Tumor	15	91231653	91249884	3	2
B_TRCC_18_Tumor	15	91250182	101607602	2	2
B_TRCC_18_Tumor	16	45254	19359765	2	2
B_TRCC_18_Tumor	16	19360553	19386621	2	1
B_TRCC_18_Tumor	16	19390264	22615471	2	2
B_TRCC_18_Tumor	16	22626894	22697934	3	1
B_TRCC_18_Tumor	16	22703259	90074947	2	2
B_TRCC_18_Tumor	17	184485	13679633	2	0
B_TRCC_18_Tumor	17	13680248	13680261	1	1
B_TRCC_18_Tumor	17	13681093	15443060	2	0
B_TRCC_18_Tumor	17	15665794	16419109	2	2
B_TRCC_18_Tumor	17	16420424	17854414	3	2
B_TRCC_18_Tumor	17	17861188	20928619	2	2
B_TRCC_18_Tumor	17	20931611	45096739	3	2
B_TRCC_18_Tumor	17	45103249	45941398	3	3
B_TRCC_18_Tumor	17	46788237	58822649	3	2
B_TRCC_18_Tumor	17	59291909	59326852	2	2
B_TRCC_18_Tumor	17	59333280	77619738	3	2
B_TRCC_18_Tumor	17	77621766	77637938	2	2
B_TRCC_18_Tumor	17	77643542	83090856	3	2
B_TRCC_18_Tumor	18	132649	14112432	2	0
B_TRCC_18_Tumor	18	22500997	57649889	3	2
B_TRCC_18_Tumor	18	57655135	57793613	2	2
B_TRCC_18_Tumor	18	57898308	80249901	3	2
B_TRCC_18_Tumor	19	260912	8995948	2	2
B_TRCC_18_Tumor	19	9022185	9126866	2	1
B_TRCC_18_Tumor	19	9139694	20626370	2	2
B_TRCC_18_Tumor	19	20700182	20700265	4	0
B_TRCC_18_Tumor	19	20718314	20914627	2	2
B_TRCC_18_Tumor	19	20924143	20949588	2	1
B_TRCC_18_Tumor	19	20951385	22519300	2	2
B_TRCC_18_Tumor	19	22520418	22529788	3	2
B_TRCC_18_Tumor	19	22530779	39277576	2	2
B_TRCC_18_Tumor	19	39344529	39419387	3	2
B_TRCC_18_Tumor	19	39423668	52379870	2	2
B_TRCC_18_Tumor	19	52380984	52387747	2	1
B_TRCC_18_Tumor	19	52390220	53542420	2	2
B_TRCC_18_Tumor	19	53598477	54107980	2	1
B_TRCC_18_Tumor	19	54119108	58524906	2	2
B_TRCC_18_Tumor	19	58549990	58578425	3	2
B_TRCC_18_Tumor	20	83158	52009500	2	2
B_TRCC_18_Tumor	20	52010924	52069395	2	1
B_TRCC_18_Tumor	20	52070017	64279990	2	2
B_TRCC_18_Tumor	21	14034348	46669379	2	2
B_TRCC_18_Tumor	22	19001039	19655722	2	1
B_TRCC_18_Tumor	22	19694982	20807276	2	2
B_TRCC_18_Tumor	22	20811387	20949423	2	1
B_TRCC_18_Tumor	22	20952112	24852782	2	2
B_TRCC_18_Tumor	22	24869823	24920383	2	1
B_TRCC_18_Tumor	22	24922267	27697714	2	2
B_TRCC_18_Tumor	22	27702146	27708979	2	1
B_TRCC_18_Tumor	22	27710404	29789900	2	2
B_TRCC_18_Tumor	22	29792095	29979545	2	1
B_TRCC_18_Tumor	22	29981013	30459710	2	2
B_TRCC_18_Tumor	22	30460426	30538829	2	1
B_TRCC_18_Tumor	22	30553833	30675367	2	2
B_TRCC_18_Tumor	22	30695152	30776471	2	1
B_TRCC_18_Tumor	22	30801819	31336475	2	2
B_TRCC_18_Tumor	22	31357863	31571789	2	1
B_TRCC_18_Tumor	22	31587774	31632735	2	2
B_TRCC_18_Tumor	22	31646359	31834930	2	1
B_TRCC_18_Tumor	22	31854739	33166901	2	2
B_TRCC_18_Tumor	22	33167892	33198473	2	1
B_TRCC_18_Tumor	22	33200545	33813612	2	2
B_TRCC_18_Tumor	22	33816307	34029845	2	1
B_TRCC_18_Tumor	22	34031847	34386237	2	2
B_TRCC_18_Tumor	22	34390146	34417263	2	1
B_TRCC_18_Tumor	22	34428117	40685557	2	2
B_TRCC_18_Tumor	22	40689965	41144930	2	1
B_TRCC_18_Tumor	22	41152004	41629346	2	2
B_TRCC_18_Tumor	22	41635949	41779691	2	1
B_TRCC_18_Tumor	22	41780055	42459093	2	2
B_TRCC_18_Tumor	22	42461279	42544846	2	1
B_TRCC_18_Tumor	22	42561282	43019575	2	2
B_TRCC_18_Tumor	22	43039662	43114213	2	1
B_TRCC_18_Tumor	22	43122318	45289121	2	2
B_TRCC_18_Tumor	22	45290163	45506239	2	1
B_TRCC_18_Tumor	22	45510227	50724710	2	2
B_TRCC_18_Tumor	X	2782116	43738218	2	2
B_TRCC_18_Tumor	X	43740189	43753461	3	2
B_TRCC_18_Tumor	X	43893123	44759503	2	2
B_TRCC_18_Tumor	X	44774922	44810415	2	1
B_TRCC_18_Tumor	X	44845749	155699751	2	2
