ID	Chromosome	Start_position	End_Position	A1_CN	A2_CN
LeftMedLNTum_1	1	911428	35153957	2	1
LeftMedLNTum_1	1	36176128	248877988	2	2
LeftMedLNTum_1	2	30906	232498721	2	2
LeftMedLNTum_1	2	232503632	232565100	3	2
LeftMedLNTum_1	2	232570394	236196875	2	2
LeftMedLNTum_1	2	236201678	236219629	3	2
LeftMedLNTum_1	2	236220488	242038992	2	2
LeftMedLNTum_1	3	20631	75723526	2	2
LeftMedLNTum_1	3	75726286	75745416	3	1
LeftMedLNTum_1	3	75870640	77288798	2	2
LeftMedLNTum_1	3	77355102	77355183	4	0
LeftMedLNTum_1	3	77459684	198115487	2	2
LeftMedLNTum_1	4	192200	150296490	2	1
LeftMedLNTum_1	4	150300834	150438170	1	0
LeftMedLNTum_1	4	150442926	189877318	2	1
LeftMedLNTum_1	5	90084	29797106	2	2
LeftMedLNTum_1	5	29802056	29816566	3	2
LeftMedLNTum_1	5	29820616	181163507	2	2
LeftMedLNTum_1	6	162703	379528	2	2
LeftMedLNTum_1	6	379834	382246	3	1
LeftMedLNTum_1	6	382537	21337552	2	2
LeftMedLNTum_1	6	21478960	23093131	2	0
LeftMedLNTum_1	6	23151299	29233873	2	2
LeftMedLNTum_1	6	29261369	32216797	2	0
LeftMedLNTum_1	6	32218370	32219860	1	1
LeftMedLNTum_1	6	32220606	32338642	2	2
LeftMedLNTum_1	6	32340688	32369909	2	0
LeftMedLNTum_1	6	32370506	32372063	4	0
LeftMedLNTum_1	6	32373095	46347313	2	2
LeftMedLNTum_1	6	46361667	46478620	2	0
LeftMedLNTum_1	6	46482593	46498928	2	1
LeftMedLNTum_1	6	46500137	47689290	2	0
LeftMedLNTum_1	6	47690891	55189954	2	2
LeftMedLNTum_1	6	55190100	57430393	2	0
LeftMedLNTum_1	6	63602467	81739153	2	2
LeftMedLNTum_1	6	81743814	81747430	3	0
LeftMedLNTum_1	6	81751226	91273115	2	0
LeftMedLNTum_1	6	91283057	125189776	2	2
LeftMedLNTum_1	6	125192414	125198993	2	1
LeftMedLNTum_1	6	125200775	125456842	2	0
LeftMedLNTum_1	6	125460877	125698592	2	2
LeftMedLNTum_1	6	125710536	125737430	2	0
LeftMedLNTum_1	6	125748556	125796095	2	2
LeftMedLNTum_1	6	125822535	125827981	2	1
LeftMedLNTum_1	6	125831338	165298340	2	0
LeftMedLNTum_1	6	165310070	165319146	1	0
LeftMedLNTum_1	6	165321163	170603415	2	0
LeftMedLNTum_1	7	50257	159326530	2	1
LeftMedLNTum_1	8	330241	16086798	4	2
LeftMedLNTum_1	8	16092262	16098153	3	2
LeftMedLNTum_1	8	16100106	145068028	4	2
LeftMedLNTum_1	9	212557	967981	2	0
LeftMedLNTum_1	9	971066	979610	1	0
LeftMedLNTum_1	9	991114	11419828	2	0
LeftMedLNTum_1	9	11421758	11448773	0	0
LeftMedLNTum_1	9	11450611	11459410	2	0
LeftMedLNTum_1	9	11460456	11469190	1	0
LeftMedLNTum_1	9	11474608	12539495	0	0
LeftMedLNTum_1	9	12668557	15808251	2	0
LeftMedLNTum_1	9	15810789	15815248	3	0
LeftMedLNTum_1	9	15830020	21659915	2	0
LeftMedLNTum_1	9	21660144	21669887	1	0
LeftMedLNTum_1	9	21670462	21948667	0	0
LeftMedLNTum_1	9	22201037	91629464	2	0
LeftMedLNTum_1	9	91630707	91633321	1	0
LeftMedLNTum_1	9	91645835	129414460	2	0
LeftMedLNTum_1	9	129428184	129438116	1	1
LeftMedLNTum_1	9	129503049	138123517	2	0
LeftMedLNTum_1	10	87333	13989709	2	2
LeftMedLNTum_1	10	13990199	13999218	3	2
LeftMedLNTum_1	10	14000814	133619587	2	2
LeftMedLNTum_1	11	202856	135068576	2	1
LeftMedLNTum_1	12	52216	20739963	2	2
LeftMedLNTum_1	12	20740174	20749861	3	2
LeftMedLNTum_1	12	20750301	31037997	2	2
LeftMedLNTum_1	12	31203959	31254096	3	1
LeftMedLNTum_1	12	31299816	69889023	2	2
LeftMedLNTum_1	12	69890348	69899295	2	1
LeftMedLNTum_1	12	69901366	133202210	2	2
LeftMedLNTum_1	13	19918880	63059803	2	2
LeftMedLNTum_1	13	63060217	63068874	2	1
LeftMedLNTum_1	13	63070231	114339973	2	2
LeftMedLNTum_1	14	19791777	19956147	3	1
LeftMedLNTum_1	14	19956892	72432980	2	2
LeftMedLNTum_1	14	72441394	72458839	2	0
LeftMedLNTum_1	14	72460489	72699644	2	2
LeftMedLNTum_1	14	72700136	106878059	2	0
LeftMedLNTum_1	15	22228433	101607602	2	2
LeftMedLNTum_1	16	45254	27818730	2	2
LeftMedLNTum_1	16	27820768	27839974	3	2
LeftMedLNTum_1	16	27840452	85494539	2	2
LeftMedLNTum_1	16	85509479	85539804	3	2
LeftMedLNTum_1	16	85540166	90074947	2	2
LeftMedLNTum_1	17	184485	19519412	2	0
LeftMedLNTum_1	17	19535008	20228501	3	2
LeftMedLNTum_1	17	20230225	20815926	2	2
LeftMedLNTum_1	17	20827624	51892515	3	2
LeftMedLNTum_1	17	51908948	52117995	2	2
LeftMedLNTum_1	17	52126364	52679082	3	2
LeftMedLNTum_1	17	52680734	52759662	2	2
LeftMedLNTum_1	17	52760573	55428007	3	2
LeftMedLNTum_1	17	55436576	55519257	2	2
LeftMedLNTum_1	17	55522356	65569550	3	2
LeftMedLNTum_1	17	65570281	65768772	2	2
LeftMedLNTum_1	17	65770189	66009717	3	2
LeftMedLNTum_1	17	66010938	66039598	2	2
LeftMedLNTum_1	17	66040319	70669493	3	2
LeftMedLNTum_1	17	70670314	71149272	2	2
LeftMedLNTum_1	17	71150286	71205670	3	2
LeftMedLNTum_1	17	71211327	71348915	2	2
LeftMedLNTum_1	17	71361175	71978718	3	2
LeftMedLNTum_1	17	71982468	72485513	2	2
LeftMedLNTum_1	17	72491835	83090856	3	2
LeftMedLNTum_1	18	132649	14112432	2	0
LeftMedLNTum_1	18	22500997	23067553	2	2
LeftMedLNTum_1	18	23111299	23548893	3	2
LeftMedLNTum_1	18	23551965	24528211	2	2
LeftMedLNTum_1	18	24531390	24750706	3	2
LeftMedLNTum_1	18	24751801	25668576	2	2
LeftMedLNTum_1	18	25677222	26308931	3	2
LeftMedLNTum_1	18	26310425	28658812	2	2
LeftMedLNTum_1	18	28662607	28765818	3	2
LeftMedLNTum_1	18	28769423	29378729	2	2
LeftMedLNTum_1	18	29382234	30175985	3	2
LeftMedLNTum_1	18	30185165	30658136	2	2
LeftMedLNTum_1	18	30670316	31094439	3	2
LeftMedLNTum_1	18	31207561	33117774	2	2
LeftMedLNTum_1	18	33122707	33718959	3	2
LeftMedLNTum_1	18	33721231	33738412	2	2
LeftMedLNTum_1	18	33740265	35145760	3	2
LeftMedLNTum_1	18	35151682	35370092	2	2
LeftMedLNTum_1	18	35379433	36119590	3	2
LeftMedLNTum_1	18	36120833	36719794	2	2
LeftMedLNTum_1	18	36729671	36739713	3	2
LeftMedLNTum_1	18	36744128	37228511	2	2
LeftMedLNTum_1	18	37243039	37518606	3	2
LeftMedLNTum_1	18	37520472	37749384	2	2
LeftMedLNTum_1	18	37750879	38449401	3	2
LeftMedLNTum_1	18	38451858	38897987	2	2
LeftMedLNTum_1	18	38900340	39025944	3	2
LeftMedLNTum_1	18	39030605	39139787	2	2
LeftMedLNTum_1	18	39140103	41409781	3	2
LeftMedLNTum_1	18	41416329	41858282	2	2
LeftMedLNTum_1	18	41861256	42319581	3	2
LeftMedLNTum_1	18	42324888	43807821	2	2
LeftMedLNTum_1	18	43816129	44946363	3	2
LeftMedLNTum_1	18	44953165	45339960	2	2
LeftMedLNTum_1	18	45351724	45472206	3	2
LeftMedLNTum_1	18	45517785	45963898	2	2
LeftMedLNTum_1	18	46313598	47108385	3	2
LeftMedLNTum_1	18	47110135	47845138	2	2
LeftMedLNTum_1	18	47863877	49062106	3	2
LeftMedLNTum_1	18	49070477	52862824	2	2
LeftMedLNTum_1	18	52874138	53849821	3	2
LeftMedLNTum_1	18	53850546	54239039	2	2
LeftMedLNTum_1	18	54241723	54317536	3	2
LeftMedLNTum_1	18	54325257	54709976	2	2
LeftMedLNTum_1	18	54711392	55989106	3	2
LeftMedLNTum_1	18	55995819	56164853	2	2
LeftMedLNTum_1	18	56170763	57242922	3	2
LeftMedLNTum_1	18	57254626	58148592	2	2
LeftMedLNTum_1	18	58150050	58159770	3	2
LeftMedLNTum_1	18	58160033	58638906	2	2
LeftMedLNTum_1	18	58642992	58915769	3	2
LeftMedLNTum_1	18	58926289	59378359	2	2
LeftMedLNTum_1	18	59380689	59574166	3	2
LeftMedLNTum_1	18	59585569	59739219	2	2
LeftMedLNTum_1	18	59743933	60609983	3	2
LeftMedLNTum_1	18	60610717	60717580	2	2
LeftMedLNTum_1	18	60725008	60779279	3	2
LeftMedLNTum_1	18	60782044	61017738	2	2
LeftMedLNTum_1	18	61020272	61262365	3	2
LeftMedLNTum_1	18	61271111	61763248	2	2
LeftMedLNTum_1	18	61777448	62025808	3	2
LeftMedLNTum_1	18	62028865	62399655	2	2
LeftMedLNTum_1	18	62406676	63244799	3	2
LeftMedLNTum_1	18	63249891	63489373	2	2
LeftMedLNTum_1	18	63490604	63589022	3	2
LeftMedLNTum_1	18	63593276	63719717	2	2
LeftMedLNTum_1	18	63720078	64359824	3	2
LeftMedLNTum_1	18	64360170	64549832	2	2
LeftMedLNTum_1	18	64552391	64617063	3	2
LeftMedLNTum_1	18	64624169	64675648	2	2
LeftMedLNTum_1	18	64690887	64718513	3	2
LeftMedLNTum_1	18	64721770	64769492	2	2
LeftMedLNTum_1	18	64770183	64816426	3	2
LeftMedLNTum_1	18	64823810	65110272	2	2
LeftMedLNTum_1	18	65194363	65301542	3	2
LeftMedLNTum_1	18	65305029	65829587	2	2
LeftMedLNTum_1	18	65834657	66015105	3	2
LeftMedLNTum_1	18	66018144	66079465	2	2
LeftMedLNTum_1	18	66080039	66169774	3	2
LeftMedLNTum_1	18	66170594	66207205	2	2
LeftMedLNTum_1	18	66212735	67339337	3	2
LeftMedLNTum_1	18	67340638	67957274	2	2
LeftMedLNTum_1	18	67962172	68038735	3	2
LeftMedLNTum_1	18	68040340	71499936	2	2
LeftMedLNTum_1	18	71503673	71758763	3	2
LeftMedLNTum_1	18	71760013	71948881	2	2
LeftMedLNTum_1	18	71950030	72477818	3	2
LeftMedLNTum_1	18	72528500	72787389	2	2
LeftMedLNTum_1	18	72790060	72957075	3	2
LeftMedLNTum_1	18	72980345	72999247	2	2
LeftMedLNTum_1	18	73000788	73409288	3	2
LeftMedLNTum_1	18	73410693	73619318	2	2
LeftMedLNTum_1	18	73620143	73699619	3	2
LeftMedLNTum_1	18	73705413	73949639	2	2
LeftMedLNTum_1	18	73950596	74087316	3	2
LeftMedLNTum_1	18	74121663	75229598	2	2
LeftMedLNTum_1	18	75230852	75309669	3	2
LeftMedLNTum_1	18	75310212	76153240	2	2
LeftMedLNTum_1	18	76188278	77099973	3	2
LeftMedLNTum_1	18	77101609	77169017	2	2
LeftMedLNTum_1	18	77172711	77397707	3	2
LeftMedLNTum_1	18	77424457	77487909	2	2
LeftMedLNTum_1	18	77490985	77738881	3	2
LeftMedLNTum_1	18	77741319	78079663	2	2
LeftMedLNTum_1	18	78080027	78155609	3	2
LeftMedLNTum_1	18	78169908	78619598	2	2
LeftMedLNTum_1	18	78621230	80068684	3	2
LeftMedLNTum_1	18	80088115	80249901	2	2
LeftMedLNTum_1	19	260912	58578425	2	2
LeftMedLNTum_1	20	83158	64279990	2	2
LeftMedLNTum_1	21	14034348	46669379	2	2
LeftMedLNTum_1	22	19001039	50724710	2	0
LeftMedLNTum_1	X	2782116	49033821	2	2
LeftMedLNTum_1	X	49182527	155699751	2	1
