ID	Chromosome	Start_position	End_Position	A1_CN	A2_CN
LungPlTum_2	1	911428	16477846	2	2
LungPlTum_2	1	16496131	16941834	3	1
LungPlTum_2	1	16954508	81209966	2	2
LungPlTum_2	1	81210578	81219938	3	2
LungPlTum_2	1	81221300	171227474	2	2
LungPlTum_2	1	171231230	171239527	3	2
LungPlTum_2	1	171243507	183129282	2	2
LungPlTum_2	1	183130245	183139899	3	2
LungPlTum_2	1	183140036	234777187	2	2
LungPlTum_2	1	234777705	234779417	3	1
LungPlTum_2	1	234820595	236017804	2	2
LungPlTum_2	1	236021055	236029845	3	2
LungPlTum_2	1	236031881	248877988	2	2
LungPlTum_2	2	30906	5278713	2	2
LungPlTum_2	2	5280920	5289935	3	2
LungPlTum_2	2	5291310	242038992	2	2
LungPlTum_2	3	20631	75721604	2	2
LungPlTum_2	3	75723526	75745416	3	1
LungPlTum_2	3	75870640	182709107	2	2
LungPlTum_2	3	182710798	182718173	3	2
LungPlTum_2	3	182722347	198115487	2	2
LungPlTum_2	4	192200	150296490	2	2
LungPlTum_2	4	150300834	150438170	2	1
LungPlTum_2	4	150442926	189877318	2	2
LungPlTum_2	5	90084	5189090	2	2
LungPlTum_2	5	5190881	5199237	3	2
LungPlTum_2	5	5200168	149615946	2	2
LungPlTum_2	5	149620476	149629458	3	2
LungPlTum_2	5	149632488	181163507	2	2
LungPlTum_2	6	162703	379528	2	2
LungPlTum_2	6	379834	382246	3	1
LungPlTum_2	6	382537	21337552	2	2
LungPlTum_2	6	21478960	23093131	2	1
LungPlTum_2	6	23151299	29233873	2	2
LungPlTum_2	6	29261369	32219860	2	1
LungPlTum_2	6	32220606	32338642	2	2
LungPlTum_2	6	32340688	32369909	2	1
LungPlTum_2	6	32370506	32472051	2	2
LungPlTum_2	6	32472395	32485414	3	1
LungPlTum_2	6	32533367	46347313	2	2
LungPlTum_2	6	46361667	47689290	2	1
LungPlTum_2	6	47690891	55189954	2	2
LungPlTum_2	6	55190100	57430393	2	1
LungPlTum_2	6	63602467	81747430	2	2
LungPlTum_2	6	81751226	91199446	2	1
LungPlTum_2	6	91267389	125194485	2	2
LungPlTum_2	6	125197992	125442584	2	1
LungPlTum_2	6	125455187	125698592	2	2
LungPlTum_2	6	125710536	125737430	2	1
LungPlTum_2	6	125748556	125796095	2	2
LungPlTum_2	6	125822535	170603415	2	1
LungPlTum_2	7	50257	152384765	2	2
LungPlTum_2	7	152402142	152403969	3	0
LungPlTum_2	7	152407952	159326530	2	2
LungPlTum_2	8	330241	6639234	4	2
LungPlTum_2	8	6640232	6649925	5	3
LungPlTum_2	8	6660222	16086798	4	2
LungPlTum_2	8	16092262	16098153	3	2
LungPlTum_2	8	16100106	145068028	4	2
LungPlTum_2	9	212557	11419828	2	1
LungPlTum_2	9	11421758	11448773	1	1
LungPlTum_2	9	11450611	11460456	2	1
LungPlTum_2	9	11465508	12539495	1	1
LungPlTum_2	9	12668557	21669887	2	1
LungPlTum_2	9	21670462	21948667	1	1
LungPlTum_2	9	22201037	37929812	2	1
LungPlTum_2	9	37934783	37949641	3	1
LungPlTum_2	9	37950233	136950501	2	1
LungPlTum_2	9	136991368	138098496	3	1
LungPlTum_2	9	138107414	138123517	2	1
LungPlTum_2	10	87333	133619587	2	2
LungPlTum_2	11	202856	14937050	2	2
LungPlTum_2	11	14941657	14949818	3	2
LungPlTum_2	11	14951998	18920301	2	2
LungPlTum_2	11	18923837	18947056	3	1
LungPlTum_2	11	18951536	100939612	2	2
LungPlTum_2	11	100940098	100999763	3	2
LungPlTum_2	11	101003588	115597384	2	2
LungPlTum_2	11	115600591	115609275	3	2
LungPlTum_2	11	115610079	123679894	2	2
LungPlTum_2	11	123680252	123688818	3	2
LungPlTum_2	11	123691689	125289479	2	2
LungPlTum_2	11	125290855	125299757	3	2
LungPlTum_2	11	125300249	129709117	2	2
LungPlTum_2	11	129720800	129729825	3	2
LungPlTum_2	11	129730161	134474835	2	2
LungPlTum_2	11	134478027	134851142	3	1
LungPlTum_2	11	134856831	135068576	2	2
LungPlTum_2	12	52216	31037997	2	2
LungPlTum_2	12	31203959	31254096	3	1
LungPlTum_2	12	31299816	133202210	2	2
LungPlTum_2	13	19918880	114339973	2	2
LungPlTum_2	14	19791777	19958583	3	1
LungPlTum_2	14	19980961	72699644	2	2
LungPlTum_2	14	72700136	106878059	2	1
LungPlTum_2	15	22228433	101607602	2	2
LungPlTum_2	16	45254	21727666	2	2
LungPlTum_2	16	22615471	22697934	3	1
LungPlTum_2	16	22703259	90074947	2	2
LungPlTum_2	17	184485	15443060	2	1
LungPlTum_2	17	15665794	17507897	2	2
LungPlTum_2	17	17511903	19625328	3	2
LungPlTum_2	17	19641057	20318015	2	2
LungPlTum_2	17	20774644	83090856	3	2
LungPlTum_2	18	132649	10319174	2	1
LungPlTum_2	18	10320682	10329523	3	1
LungPlTum_2	18	10332878	14112432	2	1
LungPlTum_2	18	22500997	77159735	2	2
LungPlTum_2	18	77161953	77738881	3	2
LungPlTum_2	18	77741319	80249901	2	2
LungPlTum_2	19	260912	50657831	2	2
LungPlTum_2	19	50714293	50992453	3	2
LungPlTum_2	19	51020641	58578425	2	2
LungPlTum_2	20	83158	64279990	2	2
LungPlTum_2	21	14034348	46669379	2	2
LungPlTum_2	22	19001039	50724710	2	2
LungPlTum_2	X	2782116	79661314	2	2
LungPlTum_2	X	79864915	79876756	2	1
LungPlTum_2	X	80046666	82377593	2	2
LungPlTum_2	X	82383424	82444170	2	1
LungPlTum_2	X	82452582	117478648	2	2
LungPlTum_2	X	117480344	117489921	2	1
LungPlTum_2	X	117490678	121309300	2	2
LungPlTum_2	X	121312361	121318434	2	1
LungPlTum_2	X	121322352	126412125	2	2
LungPlTum_2	X	126420283	126499368	2	1
LungPlTum_2	X	126501659	127704698	2	2
LungPlTum_2	X	127709732	127739765	2	1
LungPlTum_2	X	127743299	155699751	2	2
