ID	Chromosome	Start_position	End_Position	A1_CN	A2_CN
RPLNTum_3	1	911428	16477846	2	2
RPLNTum_3	1	16496131	16941834	3	1
RPLNTum_3	1	16954508	221628876	2	2
RPLNTum_3	1	221635492	221649899	3	2
RPLNTum_3	1	221651593	234778110	2	2
RPLNTum_3	1	234778129	234779417	4	0
RPLNTum_3	1	234820595	244229576	2	2
RPLNTum_3	1	244230708	244239805	3	2
RPLNTum_3	1	244241532	248877988	2	2
RPLNTum_3	2	30906	234015590	2	2
RPLNTum_3	2	234019849	234029620	3	2
RPLNTum_3	2	234030837	242038992	2	2
RPLNTum_3	3	20631	75721604	2	2
RPLNTum_3	3	75723526	75745416	3	1
RPLNTum_3	3	75870640	195691442	2	2
RPLNTum_3	3	195701655	195749118	3	1
RPLNTum_3	3	195750920	198115487	2	2
RPLNTum_3	4	192200	18959887	2	2
RPLNTum_3	4	18961159	18979918	3	2
RPLNTum_3	4	18981253	38419523	2	2
RPLNTum_3	4	38425077	38678565	2	1
RPLNTum_3	4	38684784	63745821	2	2
RPLNTum_3	4	63795572	63815794	3	2
RPLNTum_3	4	63850643	77279443	2	2
RPLNTum_3	4	77280168	77348973	3	2
RPLNTum_3	4	77350467	150283282	2	2
RPLNTum_3	4	150296490	150438170	2	0
RPLNTum_3	4	150442926	189877318	2	2
RPLNTum_3	5	90084	181163507	2	2
RPLNTum_3	6	162703	10288720	3	2
RPLNTum_3	6	10293115	11509090	4	2
RPLNTum_3	6	11510438	20537221	3	2
RPLNTum_3	6	20540949	21337552	2	2
RPLNTum_3	6	21478960	23093131	2	0
RPLNTum_3	6	23151299	29233873	2	2
RPLNTum_3	6	29261369	32209005	2	0
RPLNTum_3	6	32211661	32219860	2	1
RPLNTum_3	6	32220606	32338642	4	2
RPLNTum_3	6	32340688	32369909	2	0
RPLNTum_3	6	32370506	32389388	2	2
RPLNTum_3	6	32390424	32399945	3	2
RPLNTum_3	6	32400070	32472051	2	2
RPLNTum_3	6	32472395	32472690	4	0
RPLNTum_3	6	32474380	32485414	3	1
RPLNTum_3	6	32533367	46347313	2	2
RPLNTum_3	6	46361667	46478620	2	0
RPLNTum_3	6	46482593	46498928	2	1
RPLNTum_3	6	46500137	47689290	2	0
RPLNTum_3	6	47690891	55189954	2	2
RPLNTum_3	6	55190100	57430393	2	0
RPLNTum_3	6	63602467	64982592	3	2
RPLNTum_3	6	64988464	67698069	4	2
RPLNTum_3	6	67705208	81739153	3	2
RPLNTum_3	6	81743814	81747430	3	0
RPLNTum_3	6	81751226	91273115	2	0
RPLNTum_3	6	91283057	91501394	2	2
RPLNTum_3	6	91546645	101389796	3	2
RPLNTum_3	6	101390081	101849315	2	2
RPLNTum_3	6	101851114	112069362	3	2
RPLNTum_3	6	112097257	112808407	2	2
RPLNTum_3	6	112823582	114178702	3	2
RPLNTum_3	6	114182750	125189776	2	2
RPLNTum_3	6	125192414	125198993	2	1
RPLNTum_3	6	125200775	125456842	2	0
RPLNTum_3	6	125460877	125698592	2	2
RPLNTum_3	6	125710536	125737430	2	0
RPLNTum_3	6	125748556	125796095	3	2
RPLNTum_3	6	125822535	125827981	3	1
RPLNTum_3	6	125831338	165298340	2	0
RPLNTum_3	6	165310070	165319146	1	0
RPLNTum_3	6	165321163	170603415	2	0
RPLNTum_3	7	50257	152384765	2	2
RPLNTum_3	7	152402142	152410058	3	0
RPLNTum_3	7	152437207	159326530	2	2
RPLNTum_3	8	330241	16086798	5	2
RPLNTum_3	8	16092262	16098153	4	2
RPLNTum_3	8	16100106	145068028	5	2
RPLNTum_3	9	212557	967981	2	0
RPLNTum_3	9	971066	979610	1	0
RPLNTum_3	9	991114	11419828	2	0
RPLNTum_3	9	11421758	11448773	0	0
RPLNTum_3	9	11450611	11459410	2	0
RPLNTum_3	9	11460456	11469190	1	0
RPLNTum_3	9	11474608	12539495	0	0
RPLNTum_3	9	12668557	21659915	2	0
RPLNTum_3	9	21660144	21669887	1	0
RPLNTum_3	9	21670462	21948667	0	0
RPLNTum_3	9	22201037	91629464	2	0
RPLNTum_3	9	91630707	91633321	1	0
RPLNTum_3	9	91645835	104969508	2	0
RPLNTum_3	9	104972433	104979985	3	0
RPLNTum_3	9	104980693	129414460	2	0
RPLNTum_3	9	129428184	129438116	2	1
RPLNTum_3	9	129503049	138123517	2	0
RPLNTum_3	10	87333	133619587	2	2
RPLNTum_3	11	202856	18923837	2	2
RPLNTum_3	11	18927251	18942276	3	1
RPLNTum_3	11	18945045	134474835	2	2
RPLNTum_3	11	134478027	134851142	3	1
RPLNTum_3	11	134856831	135068576	2	2
RPLNTum_3	12	52216	31037997	2	2
RPLNTum_3	12	31203959	31254096	3	1
RPLNTum_3	12	31299816	94089779	2	2
RPLNTum_3	12	94090160	94118907	3	2
RPLNTum_3	12	94120040	133202210	2	2
RPLNTum_3	13	19918880	114339973	2	1
RPLNTum_3	14	19791777	19956147	3	1
RPLNTum_3	14	19956892	72432980	2	2
RPLNTum_3	14	72441394	72458839	2	0
RPLNTum_3	14	72460489	72699644	2	2
RPLNTum_3	14	72700136	106878059	2	0
RPLNTum_3	15	22228433	101607602	2	2
RPLNTum_3	16	45254	22615471	2	2
RPLNTum_3	16	22626894	22703259	3	1
RPLNTum_3	16	22710987	90074947	2	2
RPLNTum_3	17	184485	15443060	2	0
RPLNTum_3	17	15665794	21299479	3	2
RPLNTum_3	17	21301565	45394955	4	2
RPLNTum_3	17	45573549	45583824	3	3
RPLNTum_3	17	45732802	83090856	4	2
RPLNTum_3	18	132649	14112432	2	0
RPLNTum_3	18	22500997	62399655	3	2
RPLNTum_3	18	62406676	63244799	4	2
RPLNTum_3	18	63249891	65544316	3	2
RPLNTum_3	18	65748337	67248941	4	2
RPLNTum_3	18	67251091	77159735	3	2
RPLNTum_3	18	77161953	77689886	4	2
RPLNTum_3	18	77694583	80249901	3	2
RPLNTum_3	19	260912	52979376	2	2
RPLNTum_3	19	53025366	53045697	3	1
RPLNTum_3	19	53051066	58578425	2	2
RPLNTum_3	20	83158	62347456	2	2
RPLNTum_3	20	62371133	62396271	3	2
RPLNTum_3	20	62400494	64279990	2	2
RPLNTum_3	21	14034348	46669379	2	2
RPLNTum_3	22	19001039	19070210	2	1
RPLNTum_3	22	19074840	34646757	2	2
RPLNTum_3	22	34650028	34659983	2	1
RPLNTum_3	22	34660400	46183703	2	2
RPLNTum_3	22	46224519	46249251	2	1
RPLNTum_3	22	46254203	50724710	2	2
RPLNTum_3	X	2782116	155699751	2	2
